"STATION","DATE","LATITUDE","LONGITUDE","ELEVATION","NAME","month","day","hour","MLY-TAVG-NORMAL","meas_flag_MLY-TAVG-NORMAL","comp_flag_MLY-TAVG-NORMAL","years_MLY-TAVG-NORMAL","MLY-TMAX-NORMAL","meas_flag_MLY-TMAX-NORMAL","comp_flag_MLY-TMAX-NORMAL","years_MLY-TMAX-NORMAL","MLY-TMIN-NORMAL","meas_flag_MLY-TMIN-NORMAL","comp_flag_MLY-TMIN-NORMAL","years_MLY-TMIN-NORMAL","MLY-DUTR-NORMAL","meas_flag_MLY-DUTR-NORMAL","comp_flag_MLY-DUTR-NORMAL","years_MLY-DUTR-NORMAL","MLY-TAVG-STDDEV","meas_flag_MLY-TAVG-STDDEV","comp_flag_MLY-TAVG-STDDEV","years_MLY-TAVG-STDDEV","MLY-TMAX-STDDEV","meas_flag_MLY-TMAX-STDDEV","comp_flag_MLY-TMAX-STDDEV","years_MLY-TMAX-STDDEV","MLY-TMIN-STDDEV","meas_flag_MLY-TMIN-STDDEV","comp_flag_MLY-TMIN-STDDEV","years_MLY-TMIN-STDDEV","MLY-DUTR-STDDEV","meas_flag_MLY-DUTR-STDDEV","comp_flag_MLY-DUTR-STDDEV","years_MLY-DUTR-STDDEV","MLY-TMIN-AVGNDS-LSTH000","meas_flag_MLY-TMIN-AVGNDS-LSTH000","comp_flag_MLY-TMIN-AVGNDS-LSTH000","years_MLY-TMIN-AVGNDS-LSTH000","MLY-TMIN-AVGNDS-LSTH010","meas_flag_MLY-TMIN-AVGNDS-LSTH010","comp_flag_MLY-TMIN-AVGNDS-LSTH010","years_MLY-TMIN-AVGNDS-LSTH010","MLY-TMIN-AVGNDS-LSTH020","meas_flag_MLY-TMIN-AVGNDS-LSTH020","comp_flag_MLY-TMIN-AVGNDS-LSTH020","years_MLY-TMIN-AVGNDS-LSTH020","MLY-TMIN-AVGNDS-LSTH032","meas_flag_MLY-TMIN-AVGNDS-LSTH032","comp_flag_MLY-TMIN-AVGNDS-LSTH032","years_MLY-TMIN-AVGNDS-LSTH032","MLY-TMIN-AVGNDS-LSTH040","meas_flag_MLY-TMIN-AVGNDS-LSTH040","comp_flag_MLY-TMIN-AVGNDS-LSTH040","years_MLY-TMIN-AVGNDS-LSTH040","MLY-TMIN-AVGNDS-LSTH050","meas_flag_MLY-TMIN-AVGNDS-LSTH050","comp_flag_MLY-TMIN-AVGNDS-LSTH050","years_MLY-TMIN-AVGNDS-LSTH050","MLY-TMIN-AVGNDS-LSTH060","meas_flag_MLY-TMIN-AVGNDS-LSTH060","comp_flag_MLY-TMIN-AVGNDS-LSTH060","years_MLY-TMIN-AVGNDS-LSTH060","MLY-TMIN-AVGNDS-LSTH070","meas_flag_MLY-TMIN-AVGNDS-LSTH070","comp_flag_MLY-TMIN-AVGNDS-LSTH070","years_MLY-TMIN-AVGNDS-LSTH070","MLY-TMAX-AVGNDS-GRTH032","meas_flag_MLY-TMAX-AVGNDS-GRTH032","comp_flag_MLY-TMAX-AVGNDS-GRTH032","years_MLY-TMAX-AVGNDS-GRTH032","MLY-TMAX-AVGNDS-GRTH040","meas_flag_MLY-TMAX-AVGNDS-GRTH040","comp_flag_MLY-TMAX-AVGNDS-GRTH040","years_MLY-TMAX-AVGNDS-GRTH040","MLY-TMAX-AVGNDS-GRTH050","meas_flag_MLY-TMAX-AVGNDS-GRTH050","comp_flag_MLY-TMAX-AVGNDS-GRTH050","years_MLY-TMAX-AVGNDS-GRTH050","MLY-TMAX-AVGNDS-GRTH060","meas_flag_MLY-TMAX-AVGNDS-GRTH060","comp_flag_MLY-TMAX-AVGNDS-GRTH060","years_MLY-TMAX-AVGNDS-GRTH060","MLY-TMAX-AVGNDS-GRTH070","meas_flag_MLY-TMAX-AVGNDS-GRTH070","comp_flag_MLY-TMAX-AVGNDS-GRTH070","years_MLY-TMAX-AVGNDS-GRTH070","MLY-TMAX-AVGNDS-GRTH080","meas_flag_MLY-TMAX-AVGNDS-GRTH080","comp_flag_MLY-TMAX-AVGNDS-GRTH080","years_MLY-TMAX-AVGNDS-GRTH080","MLY-TMAX-AVGNDS-GRTH090","meas_flag_MLY-TMAX-AVGNDS-GRTH090","comp_flag_MLY-TMAX-AVGNDS-GRTH090","years_MLY-TMAX-AVGNDS-GRTH090","MLY-TMAX-AVGNDS-GRTH100","meas_flag_MLY-TMAX-AVGNDS-GRTH100","comp_flag_MLY-TMAX-AVGNDS-GRTH100","years_MLY-TMAX-AVGNDS-GRTH100","MLY-TMAX-AVGNDS-LSTH032","meas_flag_MLY-TMAX-AVGNDS-LSTH032","comp_flag_MLY-TMAX-AVGNDS-LSTH032","years_MLY-TMAX-AVGNDS-LSTH032","MLY-HTDD-NORMAL","meas_flag_MLY-HTDD-NORMAL","comp_flag_MLY-HTDD-NORMAL","years_MLY-HTDD-NORMAL","MLY-HTDD-BASE40","meas_flag_MLY-HTDD-BASE40","comp_flag_MLY-HTDD-BASE40","years_MLY-HTDD-BASE40","MLY-HTDD-BASE45","meas_flag_MLY-HTDD-BASE45","comp_flag_MLY-HTDD-BASE45","years_MLY-HTDD-BASE45","MLY-HTDD-BASE50","meas_flag_MLY-HTDD-BASE50","comp_flag_MLY-HTDD-BASE50","years_MLY-HTDD-BASE50","MLY-HTDD-BASE55","meas_flag_MLY-HTDD-BASE55","comp_flag_MLY-HTDD-BASE55","years_MLY-HTDD-BASE55","MLY-HTDD-BASE57","meas_flag_MLY-HTDD-BASE57","comp_flag_MLY-HTDD-BASE57","years_MLY-HTDD-BASE57","MLY-HTDD-BASE60","meas_flag_MLY-HTDD-BASE60","comp_flag_MLY-HTDD-BASE60","years_MLY-HTDD-BASE60","MLY-CLDD-NORMAL","meas_flag_MLY-CLDD-NORMAL","comp_flag_MLY-CLDD-NORMAL","years_MLY-CLDD-NORMAL","MLY-CLDD-BASE40","meas_flag_MLY-CLDD-BASE40","comp_flag_MLY-CLDD-BASE40","years_MLY-CLDD-BASE40","MLY-CLDD-BASE45","meas_flag_MLY-CLDD-BASE45","comp_flag_MLY-CLDD-BASE45","years_MLY-CLDD-BASE45","MLY-CLDD-BASE50","meas_flag_MLY-CLDD-BASE50","comp_flag_MLY-CLDD-BASE50","years_MLY-CLDD-BASE50","MLY-CLDD-BASE55","meas_flag_MLY-CLDD-BASE55","comp_flag_MLY-CLDD-BASE55","years_MLY-CLDD-BASE55","MLY-CLDD-BASE57","meas_flag_MLY-CLDD-BASE57","comp_flag_MLY-CLDD-BASE57","years_MLY-CLDD-BASE57","MLY-CLDD-BASE60","meas_flag_MLY-CLDD-BASE60","comp_flag_MLY-CLDD-BASE60","years_MLY-CLDD-BASE60","MLY-CLDD-BASE70","meas_flag_MLY-CLDD-BASE70","comp_flag_MLY-CLDD-BASE70","years_MLY-CLDD-BASE70","MLY-CLDD-BASE72","meas_flag_MLY-CLDD-BASE72","comp_flag_MLY-CLDD-BASE72","years_MLY-CLDD-BASE72","MLY-GRDD-BASE65","meas_flag_MLY-GRDD-BASE65","comp_flag_MLY-GRDD-BASE65","years_MLY-GRDD-BASE65","MLY-GRDD-BASE40","meas_flag_MLY-GRDD-BASE40","comp_flag_MLY-GRDD-BASE40","years_MLY-GRDD-BASE40","MLY-GRDD-BASE45","meas_flag_MLY-GRDD-BASE45","comp_flag_MLY-GRDD-BASE45","years_MLY-GRDD-BASE45","MLY-GRDD-BASE50","meas_flag_MLY-GRDD-BASE50","comp_flag_MLY-GRDD-BASE50","years_MLY-GRDD-BASE50","MLY-GRDD-BASE55","meas_flag_MLY-GRDD-BASE55","comp_flag_MLY-GRDD-BASE55","years_MLY-GRDD-BASE55","MLY-GRDD-BASE57","meas_flag_MLY-GRDD-BASE57","comp_flag_MLY-GRDD-BASE57","years_MLY-GRDD-BASE57","MLY-GRDD-BASE60","meas_flag_MLY-GRDD-BASE60","comp_flag_MLY-GRDD-BASE60","years_MLY-GRDD-BASE60","MLY-GRDD-BASE70","meas_flag_MLY-GRDD-BASE70","comp_flag_MLY-GRDD-BASE70","years_MLY-GRDD-BASE70","MLY-GRDD-BASE72","meas_flag_MLY-GRDD-BASE72","comp_flag_MLY-GRDD-BASE72","years_MLY-GRDD-BASE72","MLY-GRDD-TB4886","meas_flag_MLY-GRDD-TB4886","comp_flag_MLY-GRDD-TB4886","years_MLY-GRDD-TB4886","MLY-GRDD-TB5086","meas_flag_MLY-GRDD-TB5086","comp_flag_MLY-GRDD-TB5086","years_MLY-GRDD-TB5086","MLY-TMIN-PRBOCC-LSTH016","meas_flag_MLY-TMIN-PRBOCC-LSTH016","comp_flag_MLY-TMIN-PRBOCC-LSTH016","years_MLY-TMIN-PRBOCC-LSTH016","MLY-TMIN-PRBOCC-LSTH020","meas_flag_MLY-TMIN-PRBOCC-LSTH020","comp_flag_MLY-TMIN-PRBOCC-LSTH020","years_MLY-TMIN-PRBOCC-LSTH020","MLY-TMIN-PRBOCC-LSTH024","meas_flag_MLY-TMIN-PRBOCC-LSTH024","comp_flag_MLY-TMIN-PRBOCC-LSTH024","years_MLY-TMIN-PRBOCC-LSTH024","MLY-TMIN-PRBOCC-LSTH028","meas_flag_MLY-TMIN-PRBOCC-LSTH028","comp_flag_MLY-TMIN-PRBOCC-LSTH028","years_MLY-TMIN-PRBOCC-LSTH028","MLY-TMIN-PRBOCC-LSTH032","meas_flag_MLY-TMIN-PRBOCC-LSTH032","comp_flag_MLY-TMIN-PRBOCC-LSTH032","years_MLY-TMIN-PRBOCC-LSTH032","MLY-TMIN-PRBOCC-LSTH036","meas_flag_MLY-TMIN-PRBOCC-LSTH036","comp_flag_MLY-TMIN-PRBOCC-LSTH036","years_MLY-TMIN-PRBOCC-LSTH036","MLY-PRCP-NORMAL","meas_flag_MLY-PRCP-NORMAL","comp_flag_MLY-PRCP-NORMAL","years_MLY-PRCP-NORMAL","MLY-PRCP-AVGNDS-GE001HI","meas_flag_MLY-PRCP-AVGNDS-GE001HI","comp_flag_MLY-PRCP-AVGNDS-GE001HI","years_MLY-PRCP-AVGNDS-GE001HI","MLY-PRCP-AVGNDS-GE010HI","meas_flag_MLY-PRCP-AVGNDS-GE010HI","comp_flag_MLY-PRCP-AVGNDS-GE010HI","years_MLY-PRCP-AVGNDS-GE010HI","MLY-PRCP-AVGNDS-GE025HI","meas_flag_MLY-PRCP-AVGNDS-GE025HI","comp_flag_MLY-PRCP-AVGNDS-GE025HI","years_MLY-PRCP-AVGNDS-GE025HI","MLY-PRCP-AVGNDS-GE050HI","meas_flag_MLY-PRCP-AVGNDS-GE050HI","comp_flag_MLY-PRCP-AVGNDS-GE050HI","years_MLY-PRCP-AVGNDS-GE050HI","MLY-PRCP-AVGNDS-GE100HI","meas_flag_MLY-PRCP-AVGNDS-GE100HI","comp_flag_MLY-PRCP-AVGNDS-GE100HI","years_MLY-PRCP-AVGNDS-GE100HI","MLY-PRCP-AVGNDS-GE200HI","meas_flag_MLY-PRCP-AVGNDS-GE200HI","comp_flag_MLY-PRCP-AVGNDS-GE200HI","years_MLY-PRCP-AVGNDS-GE200HI","MLY-PRCP-AVGNDS-GE400HI","meas_flag_MLY-PRCP-AVGNDS-GE400HI","comp_flag_MLY-PRCP-AVGNDS-GE400HI","years_MLY-PRCP-AVGNDS-GE400HI","MLY-PRCP-AVGNDS-GE600HI","meas_flag_MLY-PRCP-AVGNDS-GE600HI","comp_flag_MLY-PRCP-AVGNDS-GE600HI","years_MLY-PRCP-AVGNDS-GE600HI","MLY-PRCP-25PCTL","meas_flag_MLY-PRCP-25PCTL","comp_flag_MLY-PRCP-25PCTL","years_MLY-PRCP-25PCTL","MLY-PRCP-50PCTL","meas_flag_MLY-PRCP-50PCTL","comp_flag_MLY-PRCP-50PCTL","years_MLY-PRCP-50PCTL","MLY-PRCP-75PCTL","meas_flag_MLY-PRCP-75PCTL","comp_flag_MLY-PRCP-75PCTL","years_MLY-PRCP-75PCTL","MLY-PRCP-20PCTL","meas_flag_MLY-PRCP-20PCTL","comp_flag_MLY-PRCP-20PCTL","years_MLY-PRCP-20PCTL","MLY-PRCP-40PCTL","meas_flag_MLY-PRCP-40PCTL","comp_flag_MLY-PRCP-40PCTL","years_MLY-PRCP-40PCTL","MLY-PRCP-60PCTL","meas_flag_MLY-PRCP-60PCTL","comp_flag_MLY-PRCP-60PCTL","years_MLY-PRCP-60PCTL","MLY-PRCP-80PCTL","meas_flag_MLY-PRCP-80PCTL","comp_flag_MLY-PRCP-80PCTL","years_MLY-PRCP-80PCTL","MLY-PRCP-33PCTL","meas_flag_MLY-PRCP-33PCTL","comp_flag_MLY-PRCP-33PCTL","years_MLY-PRCP-33PCTL","MLY-PRCP-67PCTL","meas_flag_MLY-PRCP-67PCTL","comp_flag_MLY-PRCP-67PCTL","years_MLY-PRCP-67PCTL"
"USC00056765","01"," 38.2597","-104.7178","1481.6","PUEBLO RSVR, CO US","01","99","99","    32.8"," ","R","13","    47.3"," ","R","14","    18.3"," ","R","13","    29.1"," ","R","13","     4.0"," ","R","13","     4.5"," ","R","14","     3.9"," ","R","13","     2.6"," ","R","13","     1.6"," ","R","13","     6.5"," ","R","13","    18.7"," ","R","13","    28.8"," ","R","13","    30.8"," ","R","13","    31.0"," ","R","13","    31.0"," ","R","13","    31.0"," ","R","13","    27.1"," ","R","14","    24.0"," ","R","14","    15.3"," ","R","14","     6.0"," ","R","14","     0.7"," ","R","14","     0.0"," ","R","14","     0.0"," ","R","14","     0.0"," ","R","14","     4.3"," ","R","14","   998.4"," ","R","13","   261.0"," ","R","13","   390.7"," ","R","13","   535.5"," ","R","13","   688.6"," ","R","13","   750.5"," ","R","13","   843.5"," ","R","13","     0.0"," ","R","13","    37.4"," ","R","13","    12.2"," ","R","13","     2.1"," ","R","13","     0.0","X","R","13","     0.0","X","R","13","     0.0","X","R","13","     0.0"," ","R","13","     0.0"," ","R","13","     0.0"," ","R","13","    37.4"," ","R","13","    12.2"," ","R","13","     2.1"," ","R","13","     0.0","X","R","13","     0.0","X","R","13","     0.0","X","R","13","     0.0"," ","R","13","     0.0"," ","R","13","    71.0"," ","R","13","    55.8"," ","R","13","   100.0"," ","S","13","   100.0"," ","S","13","   100.0"," ","S","13","   100.0"," ","S","13","   100.0"," ","S","13","   100.0"," ","S","13","    0.33"," ","S","13","     4.4"," ","S","15","     1.2"," ","S","15","     0.3"," ","S","15","     0.0"," ","S","15","     0.0"," ","S","15","     0.0"," ","S","15","     0.0"," ","S","15","     0.0"," ","S","15","    0.18"," ","S","13","    0.31"," ","S","13","    0.40"," ","S","13","    0.16"," ","S","13","    0.21"," ","S","13","    0.33"," ","S","13","    0.44"," ","S","13","    0.19"," ","S","13","    0.36"," ","S","13"
"USC00056765","02"," 38.2597","-104.7178","1481.6","PUEBLO RSVR, CO US","02","99","99","    33.8"," ","R","13","    48.4"," ","R","14","    19.1"," ","R","13","    29.4"," ","R","13","     4.4"," ","R","13","     5.4"," ","R","14","     3.9"," ","R","13","     3.6"," ","R","13","     1.2"," ","R","13","     4.0"," ","R","13","    15.4"," ","R","13","    25.8"," ","R","13","    27.6"," ","R","13","    27.9"," ","R","13","    28.0"," ","R","13","    28.0"," ","R","13","    24.5"," ","R","14","    21.1"," ","R","14","    14.5"," ","R","14","     7.8"," ","R","14","     1.9"," ","R","14","     0.0"," ","R","14","     0.0"," ","R","14","     0.0"," ","R","14","     4.2"," ","R","14","   874.5"," ","R","13","   226.1"," ","R","13","   334.7"," ","R","13","   460.9"," ","R","13","   595.6"," ","R","13","   651.0"," ","R","13","   734.4"," ","R","13","     0.0"," ","R","13","    52.2"," ","R","13","    20.7"," ","R","13","     6.6"," ","R","13","     1.6"," ","R","13","     0.9"," ","R","13","     0.2"," ","R","13","     0.0"," ","R","13","     0.0"," ","R","13","     0.0"," ","R","13","    52.2"," ","R","13","    20.7"," ","R","13","     6.6"," ","R","13","     1.6"," ","R","13","     0.9"," ","R","13","     0.2"," ","R","13","     0.0"," ","R","13","     0.0"," ","R","13","    84.2"," ","R","13","    69.9"," ","R","13","    98.6"," ","S","13","   100.0"," ","S","13","   100.0"," ","S","13","   100.0"," ","S","13","   100.0"," ","S","13","   100.0"," ","S","13","    0.44"," ","S","15","     5.8"," ","S","15","     1.8"," ","S","15","     0.4"," ","S","15","     0.0"," ","S","15","     0.0"," ","S","15","     0.0"," ","S","15","     0.0"," ","S","15","     0.0"," ","S","15","    0.16"," ","S","15","    0.29"," ","S","15","    0.71"," ","S","15","    0.15"," ","S","15","    0.20"," ","S","15","    0.50"," ","S","15","    0.74"," ","S","15","    0.18"," ","S","15","    0.65"," ","S","15"
"USC00056765","03"," 38.2597","-104.7178","1481.6","PUEBLO RSVR, CO US","03","99","99","    44.4"," ","R","13","    60.6"," ","R","14","    28.2"," ","R","13","    32.4"," ","R","13","     2.7"," ","R","13","     3.6"," ","R","14","     2.2"," ","R","13","     2.5"," ","R","13","     0.0"," ","R","13","     0.9"," ","R","13","     4.5"," ","R","13","    22.4"," ","R","13","    29.2"," ","R","13","    31.0"," ","R","13","    31.0"," ","R","13","    31.0"," ","R","13","    30.4"," ","R","14","    29.4"," ","R","14","    26.2"," ","R","14","    18.2"," ","R","14","     8.6"," ","R","14","     1.1"," ","R","14","     0.0"," ","R","14","     0.0"," ","R","14","     0.6"," ","R","14","   639.2"," ","R","13","    64.4"," ","R","13","   126.7"," ","R","13","   221.1"," ","R","13","   344.4"," ","R","13","   400.1"," ","R","13","   487.1"," ","R","13","     0.4"," ","R","13","   200.2"," ","R","13","   107.5"," ","R","13","    47.2"," ","R","13","    15.3"," ","R","13","     9.0"," ","R","13","     3.1"," ","R","13","     0.0"," ","R","13","     0.0"," ","R","13","     0.4"," ","R","13","   200.2"," ","R","13","   107.5"," ","R","13","    47.2"," ","R","13","    15.3"," ","R","13","     9.0"," ","R","13","     3.1"," ","R","13","     0.0"," ","R","13","     0.0"," ","R","13","   214.3"," ","R","13","   188.5"," ","R","13","    66.6"," ","S","13","    90.5"," ","S","13","    98.8"," ","S","13","    99.8"," ","S","13","   100.0"," ","S","13","   100.0"," ","S","13","    0.64"," ","S","15","     5.1"," ","S","15","     1.7"," ","S","15","     0.9"," ","S","15","     0.3"," ","S","15","     0.0"," ","S","15","     0.0"," ","S","15","     0.0"," ","S","15","     0.0"," ","S","15","    0.31"," ","S","15","    0.63"," ","S","15","    0.81"," ","S","15","    0.29"," ","S","15","    0.45"," ","S","15","    0.71"," ","S","15","    0.86"," ","S","15","    0.39"," ","S","15","    0.76"," ","S","15"
"USC00056765","04"," 38.2597","-104.7178","1481.6","PUEBLO RSVR, CO US","04","99","99","    51.1"," ","R","13","    66.6"," ","R","14","    35.6"," ","R","13","    31.0"," ","R","13","     2.1"," ","R","13","     2.6"," ","R","14","     2.6"," ","R","13","     2.9"," ","R","13","     0.0"," ","R","13","     0.0"," ","R","13","     0.5"," ","R","13","     9.5"," ","R","13","    22.1"," ","R","13","    29.5"," ","R","13","    30.0"," ","R","13","    30.0"," ","R","13","    29.9"," ","R","14","    29.1"," ","R","14","    27.2"," ","R","14","    22.7"," ","R","14","    15.0"," ","R","14","     4.8"," ","R","14","     0.2"," ","R","14","     0.0"," ","R","14","     0.1"," ","R","14","   419.4"," ","R","13","    15.2"," ","R","13","    38.7"," ","R","13","    88.1"," ","R","13","   168.2"," ","R","13","   209.7"," ","R","13","   281.6"," ","R","13","     2.6"," ","R","13","   348.5"," ","R","13","   221.9"," ","R","13","   121.4"," ","R","13","    51.6"," ","R","13","    33.0"," ","R","13","    14.9"," ","R","13","     0.3"," ","R","13","     0.1"," ","R","13","     2.6"," ","R","13","   348.5"," ","R","13","   221.9"," ","R","13","   121.4"," ","R","13","    51.6"," ","R","13","    33.0"," ","R","13","    14.9"," ","R","13","     0.3"," ","R","13","     0.1"," ","R","13","   287.2"," ","R","13","   258.4"," ","R","13","     8.9"," ","S","13","    26.6"," ","S","13","    58.5"," ","S","13","    87.8"," ","S","13","    98.8"," ","S","13","    99.9"," ","S","13","    1.41"," ","S","15","     8.0"," ","S","15","     3.3"," ","S","15","     1.9"," ","S","15","     0.7"," ","S","15","     0.1"," ","S","15","     0.0"," ","S","15","     0.0"," ","S","15","     0.0"," ","S","15","    0.52"," ","S","15","    1.15"," ","S","15","    1.76"," ","S","15","    0.45"," ","S","15","    0.76"," ","S","15","    1.43"," ","S","15","    2.06"," ","S","15","    0.67"," ","S","15","    1.51"," ","S","15"
"USC00056765","05"," 38.2597","-104.7178","1481.6","PUEBLO RSVR, CO US","05","99","99","    60.6"," ","R","13","    75.2"," ","R","14","    46.0"," ","R","13","    29.2"," ","R","13","     3.0"," ","R","13","     4.1"," ","R","14","     2.4"," ","R","13","     2.9"," ","R","13","     0.0"," ","R","13","     0.0"," ","R","13","     0.0"," ","R","13","     0.8"," ","R","13","     6.7"," ","R","13","    22.4"," ","R","13","    30.9"," ","R","13","    31.0"," ","R","13","    31.0"," ","R","14","    31.0"," ","R","14","    30.2"," ","R","14","    28.1"," ","R","14","    23.0"," ","R","14","    12.7"," ","R","14","     3.0"," ","R","14","     0.0"," ","R","14","     0.0"," ","R","14","   188.5"," ","R","13","     1.2"," ","R","13","     5.3"," ","R","13","    19.0"," ","R","13","    48.6"," ","R","13","    67.0"," ","R","13","   102.9"," ","R","13","    52.3"," ","R","13","   640.0"," ","R","13","   489.0"," ","R","13","   347.8"," ","R","13","   222.6"," ","R","13","   178.9"," ","R","13","   121.8"," ","R","13","    16.0"," ","R","13","     8.0"," ","R","13","    52.3"," ","R","13","   640.0"," ","R","13","   489.0"," ","R","13","   347.8"," ","R","13","   222.6"," ","R","13","   178.9"," ","R","13","   121.8"," ","R","13","    16.0"," ","R","13","     8.0"," ","R","13","   441.4"," ","R","13","   399.9"," ","R","13","     0.0"," ","S","13","     0.0"," ","S","13","     0.7"," ","S","13","    10.0"," ","S","13","    34.1"," ","S","13","    74.9"," ","S","13","    1.71"," ","S","15","     9.7"," ","S","15","     3.8"," ","S","15","     1.9"," ","S","15","     0.9"," ","S","15","     0.3"," ","S","15","     0.0"," ","S","15","     0.0"," ","S","15","     0.0"," ","S","15","    0.72"," ","S","15","    0.96"," ","S","15","    1.84"," ","S","15","    0.64"," ","S","15","    0.90"," ","S","15","    1.02"," ","S","15","    2.26"," ","S","15","    0.87"," ","S","15","    1.25"," ","S","15"
"USC00056765","06"," 38.2597","-104.7178","1481.6","PUEBLO RSVR, CO US","06","99","99","    73.1"," ","R","13","    89.1"," ","R","14","    57.1"," ","R","13","    32.0"," ","R","13","     2.6"," ","R","13","     3.1"," ","R","14","     2.4"," ","R","13","     2.0"," ","R","13","     0.0"," ","R","13","     0.0"," ","R","13","     0.0"," ","R","13","     0.0"," ","R","13","     0.1"," ","R","13","     2.8"," ","R","13","    22.3"," ","R","13","    29.9"," ","R","13","    30.0"," ","R","14","    30.0"," ","R","14","    30.0"," ","R","14","    29.9"," ","R","14","    29.3"," ","R","14","    27.0"," ","R","14","    16.5"," ","R","14","     2.5"," ","R","14","     0.0"," ","R","14","    12.9"," ","R","13","     0.0"," ","R","13","     0.0","X","R","13","     0.0","X","R","13","     0.5"," ","R","13","     1.1"," ","R","13","     3.0"," ","R","13","   255.6"," ","R","13","   992.5"," ","R","13","   842.5"," ","R","13","   692.5"," ","R","13","   542.9"," ","R","13","   483.5"," ","R","13","   395.4"," ","R","13","   135.2"," ","R","13","    95.2"," ","R","13","   255.6"," ","R","13","   992.5"," ","R","13","   842.5"," ","R","13","   692.5"," ","R","13","   542.9"," ","R","13","   483.5"," ","R","13","   395.4"," ","R","13","   135.2"," ","R","13","    95.2"," ","R","13","   676.3"," ","R","13","   618.5"," ","R","13","     0.0"," ","R","13","     0.0"," ","R","13","     0.0"," ","R","13","     0.0"," ","R","13","     0.0"," ","R","13","     0.0"," ","R","13","    0.95"," ","S","15","     6.9"," ","S","15","     2.4"," ","S","15","     1.1"," ","S","15","     0.3"," ","S","15","     0.1"," ","S","15","     0.0"," ","S","15","     0.0"," ","S","15","     0.0"," ","S","15","    0.39"," ","S","15","    0.86"," ","S","15","    1.16"," ","S","15","    0.33"," ","S","15","    0.56"," ","S","15","    1.08"," ","S","15","    1.33"," ","S","15","    0.42"," ","S","15","    1.08"," ","S","15"
"USC00056765","07"," 38.2597","-104.7178","1481.6","PUEBLO RSVR, CO US","07","99","99","    77.5"," ","R","13","    92.2"," ","R","14","    62.8"," ","R","13","    29.5"," ","R","13","     1.5"," ","R","13","     2.0"," ","R","14","     1.3"," ","R","13","     1.5"," ","R","13","     0.0"," ","R","13","     0.0"," ","R","13","     0.0"," ","R","13","     0.0"," ","R","13","     0.0"," ","R","13","     0.0"," ","R","13","     9.1"," ","R","13","    30.7"," ","R","13","    31.0"," ","R","14","    31.0"," ","R","14","    31.0"," ","R","14","    31.0"," ","R","14","    30.8"," ","R","14","    29.7"," ","R","14","    23.1"," ","R","14","     5.0"," ","R","14","     0.0"," ","R","14","     0.3"," ","R","13","     0.0"," ","R","13","     0.0"," ","R","13","     0.0"," ","R","13","     0.0"," ","R","13","     0.0"," ","R","13","     0.0","X","R","13","   387.5"," ","R","13","  1162.1"," ","R","13","  1007.1"," ","R","13","   852.1"," ","R","13","   696.9"," ","R","13","   634.9"," ","R","13","   542.0"," ","R","13","   235.9"," ","R","13","   179.6"," ","R","13","   387.5"," ","R","13","  1162.1"," ","R","13","  1007.1"," ","R","13","   852.1"," ","R","13","   696.9"," ","R","13","   634.9"," ","R","13","   542.0"," ","R","13","   235.9"," ","R","13","   179.6"," ","R","13","   806.9"," ","R","13","   745.0"," ","R","13","     0.0"," ","S","13","     0.0"," ","S","13","     0.0"," ","S","13","     0.0"," ","S","13","     0.0"," ","S","13","     0.0"," ","S","13","    2.07"," ","S","15","    10.2"," ","S","15","     4.9"," ","S","15","     2.1"," ","S","15","     1.2"," ","S","15","     0.4"," ","S","15","     0.1"," ","S","15","     0.0"," ","S","15","     0.0"," ","S","15","    1.34"," ","S","15","    1.93"," ","S","15","    2.34"," ","S","15","    1.29"," ","S","15","    1.71"," ","S","15","    2.16"," ","S","15","    2.49"," ","S","15","    1.54"," ","S","15","    2.20"," ","S","15"
"USC00056765","08"," 38.2597","-104.7178","1481.6","PUEBLO RSVR, CO US","08","99","99","    75.1"," ","R","13","    89.6"," ","R","14","    60.5"," ","R","13","    29.2"," ","R","13","     2.2"," ","R","13","     2.7"," ","R","14","     1.9"," ","R","13","     1.7"," ","R","13","     0.0"," ","R","13","     0.0"," ","R","13","     0.0"," ","R","13","     0.0"," ","R","13","     0.0"," ","R","13","     0.3"," ","R","13","    15.5"," ","R","13","    30.9"," ","R","13","    31.0"," ","R","14","    31.0"," ","R","14","    31.0"," ","R","14","    31.0"," ","R","14","    30.8"," ","R","14","    28.9"," ","R","14","    18.6"," ","R","14","     1.6"," ","R","14","     0.0"," ","R","14","     2.8"," ","R","13","     0.0"," ","R","13","     0.0","X","R","13","     0.0","X","R","13","     0.1"," ","R","13","     0.1"," ","R","13","     0.4"," ","R","13","   314.2"," ","R","13","  1086.4"," ","R","13","   931.4"," ","R","13","   776.4"," ","R","13","   621.4"," ","R","13","   559.5"," ","R","13","   466.8"," ","R","13","   172.1"," ","R","13","   121.9"," ","R","13","   314.2"," ","R","13","  1086.4"," ","R","13","   931.4"," ","R","13","   776.4"," ","R","13","   621.4"," ","R","13","   559.5"," ","R","13","   466.8"," ","R","13","   172.1"," ","R","13","   121.9"," ","R","13","   761.3"," ","R","13","   699.5"," ","R","13","     0.0"," ","S","13","     0.0"," ","S","13","     0.0"," ","S","13","     0.0"," ","S","13","     0.0"," ","S","13","     0.0"," ","S","13","    1.84"," ","S","15","     9.6"," ","S","15","     4.2"," ","S","15","     2.4"," ","S","15","     1.0"," ","S","15","     0.3"," ","S","15","     0.0"," ","S","15","     0.0"," ","S","15","     0.0"," ","S","15","    1.07"," ","S","15","    1.54"," ","S","15","    2.59"," ","S","15","    1.01"," ","S","15","    1.19"," ","S","15","    1.94"," ","S","15","    2.83"," ","S","15","    1.11"," ","S","15","    2.31"," ","S","15"
"USC00056765","09"," 38.2597","-104.7178","1481.6","PUEBLO RSVR, CO US","09","99","99","    67.5"," ","R","13","    83.1"," ","R","14","    52.0"," ","R","13","    31.1"," ","R","13","     2.8"," ","R","13","     3.7"," ","R","14","     2.5"," ","R","13","     2.7"," ","R","13","     0.0"," ","R","13","     0.0"," ","R","13","     0.0"," ","R","13","     0.1"," ","R","13","     1.5"," ","R","13","    12.4"," ","R","13","    27.5"," ","R","13","    29.9"," ","R","13","    30.0"," ","R","14","    30.0"," ","R","14","    29.8"," ","R","14","    29.3"," ","R","14","    27.8"," ","R","14","    21.8"," ","R","14","     9.8"," ","R","14","     0.1"," ","R","14","     0.0"," ","R","14","    62.9"," ","R","13","     0.0","X","R","13","     0.8"," ","R","13","     3.6"," ","R","13","    10.7"," ","R","13","    15.6"," ","R","13","    27.4"," ","R","13","   139.2"," ","R","13","   826.0"," ","R","13","   676.8"," ","R","13","   529.6"," ","R","13","   386.5"," ","R","13","   331.4"," ","R","13","   253.4"," ","R","13","    57.8"," ","R","13","    36.6"," ","R","13","   139.2"," ","R","13","   826.0"," ","R","13","   676.8"," ","R","13","   529.6"," ","R","13","   386.5"," ","R","13","   331.4"," ","R","13","   253.4"," ","R","13","    57.8"," ","R","13","    36.6"," ","R","13","   570.4"," ","R","13","   520.1"," ","R","13","     0.0"," ","S","13","     0.0"," ","S","13","     0.0"," ","S","13","     0.0"," ","S","13","     0.0"," ","S","13","     4.5"," ","S","13","    0.84"," ","S","15","     6.1"," ","S","15","     2.3"," ","S","15","     1.1"," ","S","15","     0.5"," ","S","15","     0.1"," ","S","15","     0.0"," ","S","15","     0.0"," ","S","15","     0.0"," ","S","15","    0.30"," ","S","15","    0.89"," ","S","15","    1.15"," ","S","15","    0.24"," ","S","15","    0.51"," ","S","15","    0.91"," ","S","15","    1.24"," ","S","15","    0.44"," ","S","15","    0.99"," ","S","15"
"USC00056765","10"," 38.2597","-104.7178","1481.6","PUEBLO RSVR, CO US","10","99","99","    53.5"," ","R","13","    68.9"," ","R","14","    38.1"," ","R","13","    30.8"," ","R","13","     3.6"," ","R","13","     4.5"," ","R","14","     3.2"," ","R","13","     3.1"," ","R","13","     0.0"," ","R","13","     0.2"," ","R","13","     0.5"," ","R","13","     8.4"," ","R","13","    18.7"," ","R","13","    29.4"," ","R","13","    31.0"," ","R","13","    31.0"," ","R","13","    30.5"," ","R","14","    29.9"," ","R","14","    28.5"," ","R","14","    24.5"," ","R","14","    17.9"," ","R","14","     8.1"," ","R","14","     0.3"," ","R","14","     0.0"," ","R","14","     0.5"," ","R","14","   365.2"," ","R","13","    17.3"," ","R","13","    36.3"," ","R","13","    73.8"," ","R","13","   138.7"," ","R","13","   174.0"," ","R","13","   236.5"," ","R","13","     8.9"," ","R","13","   436.2"," ","R","13","   300.2"," ","R","13","   182.7"," ","R","13","    92.7"," ","R","13","    66.1"," ","R","13","    35.5"," ","R","13","     0.7"," ","R","13","     0.1"," ","R","13","     8.9"," ","R","13","   436.2"," ","R","13","   300.2"," ","R","13","   182.7"," ","R","13","    92.7"," ","R","13","    66.1"," ","R","13","    35.5"," ","R","13","     0.7"," ","R","13","     0.1"," ","R","13","   336.6"," ","R","13","   305.2"," ","R","13","     7.4"," ","S","13","    18.6"," ","S","13","    40.4"," ","S","13","    73.6"," ","S","13","    94.5"," ","S","13","    99.8"," ","S","13","    0.97"," ","S","15","     6.1"," ","S","15","     2.8"," ","S","15","     1.3"," ","S","15","     0.7"," ","S","15","     0.0"," ","S","15","     0.0"," ","S","15","     0.0"," ","S","15","     0.0"," ","S","15","    0.44"," ","S","15","    0.74"," ","S","15","    1.47"," ","S","15","    0.38"," ","S","15","    0.64"," ","S","15","    1.07"," ","S","15","    1.55"," ","S","15","    0.50"," ","S","15","    1.27"," ","S","15"
"USC00056765","11"," 38.2597","-104.7178","1481.6","PUEBLO RSVR, CO US","11","99","99","    42.6"," ","R","13","    58.1"," ","R","14","    27.1"," ","R","13","    31.0"," ","R","13","     3.0"," ","R","13","     3.8"," ","R","14","     2.5"," ","R","13","     2.6"," ","R","13","     0.1"," ","R","13","     0.7"," ","R","13","     6.1"," ","R","13","    22.2"," ","R","13","    28.3"," ","R","13","    29.9"," ","R","13","    30.0"," ","R","13","    30.0"," ","R","13","    29.0"," ","R","14","    27.7"," ","R","14","    23.0"," ","R","14","    15.7"," ","R","14","     6.8"," ","R","14","     0.7"," ","R","14","     0.0"," ","R","14","     0.0"," ","R","14","     1.2"," ","R","14","   672.3"," ","R","13","    86.9"," ","R","13","   156.7"," ","R","13","   257.7"," ","R","13","   382.8"," ","R","13","   438.2"," ","R","13","   524.1"," ","R","13","     0.2"," ","R","13","   164.6"," ","R","13","    84.3"," ","R","13","    35.6"," ","R","13","    10.6"," ","R","13","     6.0"," ","R","13","     1.9"," ","R","13","     0.0"," ","R","13","     0.0"," ","R","13","     0.2"," ","R","13","   164.6"," ","R","13","    84.3"," ","R","13","    35.6"," ","R","13","    10.6"," ","R","13","     6.0"," ","R","13","     1.9"," ","R","13","     0.0"," ","R","13","     0.0"," ","R","13","   181.6"," ","R","13","   158.4"," ","R","13","    74.2"," ","S","13","    94.4"," ","S","13","    99.9"," ","S","13","   100.0"," ","S","13","   100.0"," ","S","13","   100.0"," ","S","13","    0.34"," ","S","13","     3.2"," ","S","15","     1.1"," ","S","15","     0.1"," ","S","15","     0.0"," ","S","15","     0.0"," ","S","15","     0.0"," ","S","15","     0.0"," ","S","15","     0.0"," ","S","15","    0.15"," ","S","13","    0.22"," ","S","13","    0.36"," ","S","13","    0.13"," ","S","13","    0.20"," ","S","13","    0.27"," ","S","13","    0.39"," ","S","13","    0.18"," ","S","13","    0.31"," ","S","13"
"USC00056765","12"," 38.2597","-104.7178","1481.6","PUEBLO RSVR, CO US","12","99","99","    32.2"," ","R","13","    46.4"," ","R","13","    18.0"," ","R","14","    28.3"," ","R","13","     2.4"," ","R","13","     2.9"," ","R","13","     2.4"," ","R","14","     2.2"," ","R","13","     1.1"," ","R","14","     5.0"," ","R","14","    18.4"," ","R","14","    29.6"," ","R","14","    30.7"," ","R","14","    31.0"," ","R","14","    31.0"," ","R","14","    31.0"," ","R","14","    27.0"," ","R","13","    22.4"," ","R","13","    14.5"," ","R","13","     6.2"," ","R","13","     0.3"," ","R","13","     0.0"," ","R","13","     0.0"," ","R","13","     0.0"," ","R","13","     4.8"," ","R","13","  1016.2"," ","R","13","   274.2"," ","R","13","   405.6"," ","R","13","   553.3"," ","R","13","   706.0"," ","R","13","   767.9"," ","R","13","   861.0"," ","R","13","     0.0"," ","R","13","    33.5"," ","R","13","     9.9"," ","R","13","     2.2"," ","R","13","     0.2"," ","R","13","     0.0","X","R","13","     0.0","X","R","13","     0.0"," ","R","13","     0.0"," ","R","13","     0.0"," ","R","13","    33.5"," ","R","13","     9.9"," ","R","13","     2.2"," ","R","13","     0.2"," ","R","13","     0.0","X","R","13","     0.0","X","R","13","     0.0"," ","R","13","     0.0"," ","R","13","    70.5"," ","R","13","    56.5"," ","R","13","   100.0"," ","S","14","   100.0"," ","S","14","   100.0"," ","S","14","   100.0"," ","S","14","   100.0"," ","S","14","   100.0"," ","S","14","    0.34"," ","S","13","     4.3"," ","S","15","     0.9"," ","S","15","     0.3"," ","S","15","     0.1"," ","S","15","     0.0"," ","S","15","     0.0"," ","S","15","     0.0"," ","S","15","     0.0"," ","S","15","    0.09"," ","S","13","    0.24"," ","S","13","    0.41"," ","S","13","    0.08"," ","S","13","    0.20"," ","S","13","    0.28"," ","S","13","    0.53"," ","S","13","    0.15"," ","S","13","    0.33"," ","S","13"
