"STATION","DATE","LATITUDE","LONGITUDE","ELEVATION","NAME","month","day","hour","MLY-TAVG-NORMAL","meas_flag_MLY-TAVG-NORMAL","comp_flag_MLY-TAVG-NORMAL","years_MLY-TAVG-NORMAL","MLY-TMAX-NORMAL","meas_flag_MLY-TMAX-NORMAL","comp_flag_MLY-TMAX-NORMAL","years_MLY-TMAX-NORMAL","MLY-TMIN-NORMAL","meas_flag_MLY-TMIN-NORMAL","comp_flag_MLY-TMIN-NORMAL","years_MLY-TMIN-NORMAL","MLY-DUTR-NORMAL","meas_flag_MLY-DUTR-NORMAL","comp_flag_MLY-DUTR-NORMAL","years_MLY-DUTR-NORMAL","MLY-TAVG-STDDEV","meas_flag_MLY-TAVG-STDDEV","comp_flag_MLY-TAVG-STDDEV","years_MLY-TAVG-STDDEV","MLY-TMAX-STDDEV","meas_flag_MLY-TMAX-STDDEV","comp_flag_MLY-TMAX-STDDEV","years_MLY-TMAX-STDDEV","MLY-TMIN-STDDEV","meas_flag_MLY-TMIN-STDDEV","comp_flag_MLY-TMIN-STDDEV","years_MLY-TMIN-STDDEV","MLY-DUTR-STDDEV","meas_flag_MLY-DUTR-STDDEV","comp_flag_MLY-DUTR-STDDEV","years_MLY-DUTR-STDDEV","MLY-TMIN-AVGNDS-LSTH000","meas_flag_MLY-TMIN-AVGNDS-LSTH000","comp_flag_MLY-TMIN-AVGNDS-LSTH000","years_MLY-TMIN-AVGNDS-LSTH000","MLY-TMIN-AVGNDS-LSTH010","meas_flag_MLY-TMIN-AVGNDS-LSTH010","comp_flag_MLY-TMIN-AVGNDS-LSTH010","years_MLY-TMIN-AVGNDS-LSTH010","MLY-TMIN-AVGNDS-LSTH020","meas_flag_MLY-TMIN-AVGNDS-LSTH020","comp_flag_MLY-TMIN-AVGNDS-LSTH020","years_MLY-TMIN-AVGNDS-LSTH020","MLY-TMIN-AVGNDS-LSTH032","meas_flag_MLY-TMIN-AVGNDS-LSTH032","comp_flag_MLY-TMIN-AVGNDS-LSTH032","years_MLY-TMIN-AVGNDS-LSTH032","MLY-TMIN-AVGNDS-LSTH040","meas_flag_MLY-TMIN-AVGNDS-LSTH040","comp_flag_MLY-TMIN-AVGNDS-LSTH040","years_MLY-TMIN-AVGNDS-LSTH040","MLY-TMIN-AVGNDS-LSTH050","meas_flag_MLY-TMIN-AVGNDS-LSTH050","comp_flag_MLY-TMIN-AVGNDS-LSTH050","years_MLY-TMIN-AVGNDS-LSTH050","MLY-TMIN-AVGNDS-LSTH060","meas_flag_MLY-TMIN-AVGNDS-LSTH060","comp_flag_MLY-TMIN-AVGNDS-LSTH060","years_MLY-TMIN-AVGNDS-LSTH060","MLY-TMIN-AVGNDS-LSTH070","meas_flag_MLY-TMIN-AVGNDS-LSTH070","comp_flag_MLY-TMIN-AVGNDS-LSTH070","years_MLY-TMIN-AVGNDS-LSTH070","MLY-TMAX-AVGNDS-GRTH032","meas_flag_MLY-TMAX-AVGNDS-GRTH032","comp_flag_MLY-TMAX-AVGNDS-GRTH032","years_MLY-TMAX-AVGNDS-GRTH032","MLY-TMAX-AVGNDS-GRTH040","meas_flag_MLY-TMAX-AVGNDS-GRTH040","comp_flag_MLY-TMAX-AVGNDS-GRTH040","years_MLY-TMAX-AVGNDS-GRTH040","MLY-TMAX-AVGNDS-GRTH050","meas_flag_MLY-TMAX-AVGNDS-GRTH050","comp_flag_MLY-TMAX-AVGNDS-GRTH050","years_MLY-TMAX-AVGNDS-GRTH050","MLY-TMAX-AVGNDS-GRTH060","meas_flag_MLY-TMAX-AVGNDS-GRTH060","comp_flag_MLY-TMAX-AVGNDS-GRTH060","years_MLY-TMAX-AVGNDS-GRTH060","MLY-TMAX-AVGNDS-GRTH070","meas_flag_MLY-TMAX-AVGNDS-GRTH070","comp_flag_MLY-TMAX-AVGNDS-GRTH070","years_MLY-TMAX-AVGNDS-GRTH070","MLY-TMAX-AVGNDS-GRTH080","meas_flag_MLY-TMAX-AVGNDS-GRTH080","comp_flag_MLY-TMAX-AVGNDS-GRTH080","years_MLY-TMAX-AVGNDS-GRTH080","MLY-TMAX-AVGNDS-GRTH090","meas_flag_MLY-TMAX-AVGNDS-GRTH090","comp_flag_MLY-TMAX-AVGNDS-GRTH090","years_MLY-TMAX-AVGNDS-GRTH090","MLY-TMAX-AVGNDS-GRTH100","meas_flag_MLY-TMAX-AVGNDS-GRTH100","comp_flag_MLY-TMAX-AVGNDS-GRTH100","years_MLY-TMAX-AVGNDS-GRTH100","MLY-TMAX-AVGNDS-LSTH032","meas_flag_MLY-TMAX-AVGNDS-LSTH032","comp_flag_MLY-TMAX-AVGNDS-LSTH032","years_MLY-TMAX-AVGNDS-LSTH032","MLY-HTDD-NORMAL","meas_flag_MLY-HTDD-NORMAL","comp_flag_MLY-HTDD-NORMAL","years_MLY-HTDD-NORMAL","MLY-HTDD-BASE40","meas_flag_MLY-HTDD-BASE40","comp_flag_MLY-HTDD-BASE40","years_MLY-HTDD-BASE40","MLY-HTDD-BASE45","meas_flag_MLY-HTDD-BASE45","comp_flag_MLY-HTDD-BASE45","years_MLY-HTDD-BASE45","MLY-HTDD-BASE50","meas_flag_MLY-HTDD-BASE50","comp_flag_MLY-HTDD-BASE50","years_MLY-HTDD-BASE50","MLY-HTDD-BASE55","meas_flag_MLY-HTDD-BASE55","comp_flag_MLY-HTDD-BASE55","years_MLY-HTDD-BASE55","MLY-HTDD-BASE57","meas_flag_MLY-HTDD-BASE57","comp_flag_MLY-HTDD-BASE57","years_MLY-HTDD-BASE57","MLY-HTDD-BASE60","meas_flag_MLY-HTDD-BASE60","comp_flag_MLY-HTDD-BASE60","years_MLY-HTDD-BASE60","MLY-CLDD-NORMAL","meas_flag_MLY-CLDD-NORMAL","comp_flag_MLY-CLDD-NORMAL","years_MLY-CLDD-NORMAL","MLY-CLDD-BASE40","meas_flag_MLY-CLDD-BASE40","comp_flag_MLY-CLDD-BASE40","years_MLY-CLDD-BASE40","MLY-CLDD-BASE45","meas_flag_MLY-CLDD-BASE45","comp_flag_MLY-CLDD-BASE45","years_MLY-CLDD-BASE45","MLY-CLDD-BASE50","meas_flag_MLY-CLDD-BASE50","comp_flag_MLY-CLDD-BASE50","years_MLY-CLDD-BASE50","MLY-CLDD-BASE55","meas_flag_MLY-CLDD-BASE55","comp_flag_MLY-CLDD-BASE55","years_MLY-CLDD-BASE55","MLY-CLDD-BASE57","meas_flag_MLY-CLDD-BASE57","comp_flag_MLY-CLDD-BASE57","years_MLY-CLDD-BASE57","MLY-CLDD-BASE60","meas_flag_MLY-CLDD-BASE60","comp_flag_MLY-CLDD-BASE60","years_MLY-CLDD-BASE60","MLY-CLDD-BASE70","meas_flag_MLY-CLDD-BASE70","comp_flag_MLY-CLDD-BASE70","years_MLY-CLDD-BASE70","MLY-CLDD-BASE72","meas_flag_MLY-CLDD-BASE72","comp_flag_MLY-CLDD-BASE72","years_MLY-CLDD-BASE72","MLY-GRDD-BASE65","meas_flag_MLY-GRDD-BASE65","comp_flag_MLY-GRDD-BASE65","years_MLY-GRDD-BASE65","MLY-GRDD-BASE40","meas_flag_MLY-GRDD-BASE40","comp_flag_MLY-GRDD-BASE40","years_MLY-GRDD-BASE40","MLY-GRDD-BASE45","meas_flag_MLY-GRDD-BASE45","comp_flag_MLY-GRDD-BASE45","years_MLY-GRDD-BASE45","MLY-GRDD-BASE50","meas_flag_MLY-GRDD-BASE50","comp_flag_MLY-GRDD-BASE50","years_MLY-GRDD-BASE50","MLY-GRDD-BASE55","meas_flag_MLY-GRDD-BASE55","comp_flag_MLY-GRDD-BASE55","years_MLY-GRDD-BASE55","MLY-GRDD-BASE57","meas_flag_MLY-GRDD-BASE57","comp_flag_MLY-GRDD-BASE57","years_MLY-GRDD-BASE57","MLY-GRDD-BASE60","meas_flag_MLY-GRDD-BASE60","comp_flag_MLY-GRDD-BASE60","years_MLY-GRDD-BASE60","MLY-GRDD-BASE70","meas_flag_MLY-GRDD-BASE70","comp_flag_MLY-GRDD-BASE70","years_MLY-GRDD-BASE70","MLY-GRDD-BASE72","meas_flag_MLY-GRDD-BASE72","comp_flag_MLY-GRDD-BASE72","years_MLY-GRDD-BASE72","MLY-GRDD-TB4886","meas_flag_MLY-GRDD-TB4886","comp_flag_MLY-GRDD-TB4886","years_MLY-GRDD-TB4886","MLY-GRDD-TB5086","meas_flag_MLY-GRDD-TB5086","comp_flag_MLY-GRDD-TB5086","years_MLY-GRDD-TB5086","MLY-TMIN-PRBOCC-LSTH016","meas_flag_MLY-TMIN-PRBOCC-LSTH016","comp_flag_MLY-TMIN-PRBOCC-LSTH016","years_MLY-TMIN-PRBOCC-LSTH016","MLY-TMIN-PRBOCC-LSTH020","meas_flag_MLY-TMIN-PRBOCC-LSTH020","comp_flag_MLY-TMIN-PRBOCC-LSTH020","years_MLY-TMIN-PRBOCC-LSTH020","MLY-TMIN-PRBOCC-LSTH024","meas_flag_MLY-TMIN-PRBOCC-LSTH024","comp_flag_MLY-TMIN-PRBOCC-LSTH024","years_MLY-TMIN-PRBOCC-LSTH024","MLY-TMIN-PRBOCC-LSTH028","meas_flag_MLY-TMIN-PRBOCC-LSTH028","comp_flag_MLY-TMIN-PRBOCC-LSTH028","years_MLY-TMIN-PRBOCC-LSTH028","MLY-TMIN-PRBOCC-LSTH032","meas_flag_MLY-TMIN-PRBOCC-LSTH032","comp_flag_MLY-TMIN-PRBOCC-LSTH032","years_MLY-TMIN-PRBOCC-LSTH032","MLY-TMIN-PRBOCC-LSTH036","meas_flag_MLY-TMIN-PRBOCC-LSTH036","comp_flag_MLY-TMIN-PRBOCC-LSTH036","years_MLY-TMIN-PRBOCC-LSTH036","MLY-PRCP-NORMAL","meas_flag_MLY-PRCP-NORMAL","comp_flag_MLY-PRCP-NORMAL","years_MLY-PRCP-NORMAL","MLY-PRCP-AVGNDS-GE001HI","meas_flag_MLY-PRCP-AVGNDS-GE001HI","comp_flag_MLY-PRCP-AVGNDS-GE001HI","years_MLY-PRCP-AVGNDS-GE001HI","MLY-PRCP-AVGNDS-GE010HI","meas_flag_MLY-PRCP-AVGNDS-GE010HI","comp_flag_MLY-PRCP-AVGNDS-GE010HI","years_MLY-PRCP-AVGNDS-GE010HI","MLY-PRCP-AVGNDS-GE025HI","meas_flag_MLY-PRCP-AVGNDS-GE025HI","comp_flag_MLY-PRCP-AVGNDS-GE025HI","years_MLY-PRCP-AVGNDS-GE025HI","MLY-PRCP-AVGNDS-GE050HI","meas_flag_MLY-PRCP-AVGNDS-GE050HI","comp_flag_MLY-PRCP-AVGNDS-GE050HI","years_MLY-PRCP-AVGNDS-GE050HI","MLY-PRCP-AVGNDS-GE100HI","meas_flag_MLY-PRCP-AVGNDS-GE100HI","comp_flag_MLY-PRCP-AVGNDS-GE100HI","years_MLY-PRCP-AVGNDS-GE100HI","MLY-PRCP-AVGNDS-GE200HI","meas_flag_MLY-PRCP-AVGNDS-GE200HI","comp_flag_MLY-PRCP-AVGNDS-GE200HI","years_MLY-PRCP-AVGNDS-GE200HI","MLY-PRCP-AVGNDS-GE400HI","meas_flag_MLY-PRCP-AVGNDS-GE400HI","comp_flag_MLY-PRCP-AVGNDS-GE400HI","years_MLY-PRCP-AVGNDS-GE400HI","MLY-PRCP-AVGNDS-GE600HI","meas_flag_MLY-PRCP-AVGNDS-GE600HI","comp_flag_MLY-PRCP-AVGNDS-GE600HI","years_MLY-PRCP-AVGNDS-GE600HI","MLY-PRCP-25PCTL","meas_flag_MLY-PRCP-25PCTL","comp_flag_MLY-PRCP-25PCTL","years_MLY-PRCP-25PCTL","MLY-PRCP-50PCTL","meas_flag_MLY-PRCP-50PCTL","comp_flag_MLY-PRCP-50PCTL","years_MLY-PRCP-50PCTL","MLY-PRCP-75PCTL","meas_flag_MLY-PRCP-75PCTL","comp_flag_MLY-PRCP-75PCTL","years_MLY-PRCP-75PCTL","MLY-PRCP-20PCTL","meas_flag_MLY-PRCP-20PCTL","comp_flag_MLY-PRCP-20PCTL","years_MLY-PRCP-20PCTL","MLY-PRCP-40PCTL","meas_flag_MLY-PRCP-40PCTL","comp_flag_MLY-PRCP-40PCTL","years_MLY-PRCP-40PCTL","MLY-PRCP-60PCTL","meas_flag_MLY-PRCP-60PCTL","comp_flag_MLY-PRCP-60PCTL","years_MLY-PRCP-60PCTL","MLY-PRCP-80PCTL","meas_flag_MLY-PRCP-80PCTL","comp_flag_MLY-PRCP-80PCTL","years_MLY-PRCP-80PCTL","MLY-PRCP-33PCTL","meas_flag_MLY-PRCP-33PCTL","comp_flag_MLY-PRCP-33PCTL","years_MLY-PRCP-33PCTL","MLY-PRCP-67PCTL","meas_flag_MLY-PRCP-67PCTL","comp_flag_MLY-PRCP-67PCTL","years_MLY-PRCP-67PCTL"
"USW00053866","01"," 39.5781"," -85.8033"," 245.1","SHELBYVILLE MUNI AP, IN US","01","99","99","    30.1"," ","R","14","    37.9"," ","R","14","    22.3"," ","R","15","    15.6"," ","R","14","     5.5"," ","R","14","     5.2"," ","R","14","     5.9"," ","R","15","     2.0"," ","R","14","     1.9"," ","R","15","     6.4"," ","R","15","    13.5"," ","R","15","    25.1"," ","R","15","    29.4"," ","R","15","    30.7"," ","R","15","    31.0"," ","R","15","    31.0"," ","R","15","    21.6"," ","R","14","    12.4"," ","R","14","     5.8"," ","R","14","     1.2"," ","R","14","     0.0"," ","R","14","     0.0"," ","R","14","     0.0"," ","R","14","     0.0"," ","R","14","    10.7"," ","R","14","  1081.7"," ","R","14","   344.8"," ","R","14","   476.4"," ","R","14","   621.5"," ","R","14","   772.9"," ","R","14","   834.3"," ","R","14","   926.8"," ","R","14","     0.0"," ","R","14","    38.2"," ","R","14","    14.8"," ","R","14","     4.8"," ","R","14","     1.2"," ","R","14","     0.6"," ","R","14","     0.2"," ","R","14","     0.0"," ","R","14","     0.0"," ","R","14","     0.0"," ","R","14","    38.2"," ","R","14","    14.8"," ","R","14","     4.8"," ","R","14","     1.2"," ","R","14","     0.6"," ","R","14","     0.2"," ","R","14","     0.0"," ","R","14","     0.0"," ","R","14","    24.0"," ","R","14","    17.4"," ","R","14","    99.9"," ","R","15","   100.0"," ","R","15","   100.0"," ","R","15","   100.0"," ","R","15","   100.0"," ","R","15","   100.0"," ","R","15","    2.95"," ","S","15","    10.5"," ","S","15","     5.3"," ","S","15","     3.5"," ","S","15","     2.3"," ","S","15","     0.7"," ","S","15","     0.1"," ","S","15","     0.0"," ","S","15","     0.0"," ","S","15","    1.70"," ","S","15","    2.97"," ","S","15","    3.91"," ","S","15","    1.46"," ","S","15","    2.44"," ","S","15","    3.40"," ","S","15","    3.96"," ","S","15","    2.00"," ","S","15","    3.69"," ","S","15"
"USW00053866","02"," 39.5781"," -85.8033"," 245.1","SHELBYVILLE MUNI AP, IN US","02","99","99","    32.2"," ","R","15","    40.7"," ","R","15","    23.6"," ","R","15","    17.1"," ","R","15","     6.7"," ","R","15","     6.7"," ","R","15","     6.7"," ","R","15","     1.7"," ","R","15","     1.5"," ","R","15","     4.3"," ","R","15","    10.2"," ","R","15","    22.0"," ","R","15","    26.1"," ","R","15","    27.6"," ","R","15","    27.9"," ","R","15","    28.0"," ","R","15","    20.9"," ","R","15","    13.1"," ","R","15","     6.8"," ","R","15","     2.5"," ","R","15","     0.4"," ","R","15","     0.0"," ","R","15","     0.0"," ","R","15","     0.0"," ","R","15","     8.2"," ","R","15","   919.6"," ","R","15","   270.6"," ","R","15","   384.0"," ","R","15","   509.8"," ","R","15","   642.7"," ","R","15","   697.3"," ","R","15","   780.2"," ","R","15","     0.2"," ","R","15","    51.3"," ","R","15","    24.6"," ","R","15","    10.3"," ","R","15","     3.3"," ","R","15","     1.9"," ","R","15","     0.9"," ","R","15","     0.0"," ","R","15","     0.0"," ","R","15","     0.2"," ","R","15","    51.3"," ","R","15","    24.6"," ","R","15","    10.3"," ","R","15","     3.3"," ","R","15","     1.9"," ","R","15","     0.9"," ","R","15","     0.0"," ","R","15","     0.0"," ","R","15","    37.1"," ","R","15","    29.0"," ","R","15","    98.1"," ","R","15","    99.7"," ","R","15","   100.0"," ","R","15","   100.0"," ","R","15","   100.0"," ","R","15","   100.0"," ","R","15","    2.67"," ","S","14","    10.0"," ","S","15","     5.1"," ","S","15","     2.9"," ","S","15","     1.4"," ","S","15","     0.7"," ","S","15","     0.1"," ","S","15","     0.0"," ","S","15","     0.0"," ","S","15","    1.35"," ","S","14","    2.04"," ","S","14","    3.62"," ","S","14","    1.30"," ","S","14","    1.91"," ","S","14","    2.44"," ","S","14","    4.11"," ","S","14","    1.69"," ","S","14","    2.95"," ","S","14"
"USW00053866","03"," 39.5781"," -85.8033"," 245.1","SHELBYVILLE MUNI AP, IN US","03","99","99","    44.1"," ","R","15","    53.7"," ","R","15","    34.5"," ","R","15","    19.2"," ","R","15","     5.3"," ","R","15","     5.9"," ","R","15","     4.9"," ","R","15","     2.2"," ","R","15","     0.1"," ","R","15","     0.5"," ","R","15","     2.1"," ","R","15","    15.1"," ","R","15","    23.7"," ","R","15","    28.2"," ","R","15","    30.9"," ","R","15","    31.0"," ","R","15","    30.0"," ","R","15","    26.7"," ","R","15","    17.9"," ","R","15","     9.8"," ","R","15","     3.6"," ","R","15","     0.7"," ","R","15","     0.0"," ","R","15","     0.0"," ","R","15","     1.3"," ","R","15","   652.8"," ","R","15","    77.8"," ","R","15","   151.5"," ","R","15","   252.8"," ","R","15","   373.2"," ","R","15","   425.6"," ","R","15","   507.5"," ","R","15","     4.8"," ","R","15","   204.7"," ","R","15","   123.4"," ","R","15","    69.9"," ","R","15","    35.2"," ","R","15","    25.6"," ","R","15","    14.4"," ","R","15","     1.0"," ","R","15","     0.3"," ","R","15","     4.8"," ","R","15","   204.7"," ","R","15","   123.4"," ","R","15","    69.9"," ","R","15","    35.2"," ","R","15","    25.6"," ","R","15","    14.4"," ","R","15","     1.0"," ","R","15","     0.3"," ","R","15","   140.8"," ","R","15","   118.6"," ","R","15","    52.7"," ","R","15","    72.9"," ","R","15","    88.1"," ","R","15","    96.3"," ","R","15","    99.1"," ","R","15","    99.6"," ","R","15","    3.92"," ","S","15","    12.0"," ","S","15","     6.9"," ","S","15","     5.0"," ","S","15","     3.1"," ","S","15","     0.9"," ","S","15","     0.1"," ","S","15","     0.0"," ","S","15","     0.0"," ","S","15","    3.36"," ","S","15","    3.81"," ","S","15","    4.50"," ","S","15","    2.99"," ","S","15","    3.71"," ","S","15","    3.95"," ","S","15","    4.92"," ","S","15","    3.65"," ","S","15","    4.13"," ","S","15"
"USW00053866","04"," 39.5781"," -85.8033"," 245.1","SHELBYVILLE MUNI AP, IN US","04","99","99","    54.9"," ","R","15","    66.0"," ","R","15","    43.7"," ","R","15","    22.3"," ","R","15","     3.1"," ","R","15","     3.4"," ","R","15","     2.7"," ","R","15","     1.1"," ","R","15","     0.0"," ","R","15","     0.0"," ","R","15","     0.0"," ","R","15","     3.9"," ","R","15","    12.6"," ","R","15","    22.7"," ","R","15","    28.9"," ","R","15","    30.0"," ","R","15","    29.9"," ","R","15","    29.7"," ","R","15","    27.9"," ","R","15","    21.3"," ","R","15","    11.7"," ","R","15","     3.1"," ","R","15","     0.0"," ","R","15","     0.0"," ","R","15","     0.1"," ","R","15","   320.5"," ","R","15","     6.4"," ","R","15","    21.8"," ","R","15","    56.0"," ","R","15","   115.9"," ","R","15","   147.5"," ","R","15","   204.2"," ","R","15","    16.0"," ","R","15","   451.9"," ","R","15","   317.4"," ","R","15","   201.6"," ","R","15","   111.5"," ","R","15","    83.1"," ","R","15","    49.7"," ","R","15","     2.8"," ","R","15","     1.0"," ","R","15","    16.0"," ","R","15","   451.9"," ","R","15","   317.4"," ","R","15","   201.6"," ","R","15","   111.5"," ","R","15","    83.1"," ","R","15","    49.7"," ","R","15","     2.8"," ","R","15","     1.0"," ","R","15","   303.9"," ","R","15","   266.5"," ","R","15","     0.0"," ","R","15","     0.0"," ","R","15","     9.6"," ","R","15","    48.8"," ","R","15","    88.1"," ","R","15","    98.4"," ","R","15","    4.53"," ","S","15","    11.9"," ","S","15","     8.1"," ","S","15","     5.6"," ","S","15","     3.5"," ","S","15","     1.1"," ","S","15","     0.3"," ","S","15","     0.0"," ","S","15","     0.0"," ","S","15","    3.43"," ","S","15","    4.50"," ","S","15","    4.87"," ","S","15","    3.12"," ","S","15","    3.99"," ","S","15","    4.59"," ","S","15","    5.00"," ","S","15","    3.59"," ","S","15","    4.72"," ","S","15"
"USW00053866","05"," 39.5781"," -85.8033"," 245.1","SHELBYVILLE MUNI AP, IN US","05","99","99","    65.8"," ","R","14","    76.1"," ","R","14","    55.5"," ","R","15","    20.6"," ","R","14","     3.4"," ","R","14","     4.1"," ","R","14","     2.8"," ","R","15","     1.9"," ","R","14","     0.0"," ","R","15","     0.0"," ","R","15","     0.0"," ","R","15","     0.1"," ","R","15","     1.5"," ","R","15","     9.7"," ","R","15","    20.9"," ","R","15","    30.3"," ","R","15","    31.0"," ","R","14","    31.0"," ","R","14","    31.0"," ","R","14","    28.7"," ","R","14","    22.1"," ","R","14","    13.1"," ","R","14","     1.5"," ","R","14","     0.0"," ","R","14","     0.0"," ","R","14","    98.5"," ","R","14","     0.0"," ","R","14","     0.0","X","R","14","     1.8"," ","R","14","    11.8"," ","R","14","    21.1"," ","R","14","    41.9"," ","R","14","   123.1"," ","R","14","   799.7"," ","R","14","   644.7"," ","R","14","   491.5"," ","R","14","   346.5"," ","R","14","   293.8"," ","R","14","   221.6"," ","R","14","    52.1"," ","R","14","    32.1"," ","R","14","   123.1"," ","R","14","   799.7"," ","R","14","   644.7"," ","R","14","   491.5"," ","R","14","   346.5"," ","R","14","   293.8"," ","R","14","   221.6"," ","R","14","    52.1"," ","R","14","    32.1"," ","R","14","   559.8"," ","R","14","   505.1"," ","R","14","     0.0"," ","R","15","     0.0"," ","R","15","     0.0"," ","R","15","     0.0"," ","R","15","     6.7"," ","R","15","    31.3"," ","R","15","    4.23"," ","S","15","    13.3"," ","S","15","     8.7"," ","S","15","     5.6"," ","S","15","     2.9"," ","S","15","     0.7"," ","S","15","     0.1"," ","S","15","     0.0"," ","S","15","     0.0"," ","S","15","    2.54"," ","S","15","    4.45"," ","S","15","    5.90"," ","S","15","    2.46"," ","S","15","    3.61"," ","S","15","    5.33"," ","S","15","    5.90"," ","S","15","    2.73"," ","S","15","    5.52"," ","S","15"
"USW00053866","06"," 39.5781"," -85.8033"," 245.1","SHELBYVILLE MUNI AP, IN US","06","99","99","    73.9"," ","R","14","    84.1"," ","R","14","    63.6"," ","R","14","    20.5"," ","R","14","     1.3"," ","R","14","     1.5"," ","R","14","     2.0"," ","R","14","     2.5"," ","R","14","     0.0"," ","R","14","     0.0"," ","R","14","     0.0"," ","R","14","     0.0"," ","R","14","     0.0"," ","R","14","     0.9"," ","R","14","     8.6"," ","R","14","    26.4"," ","R","14","    30.0"," ","R","14","    30.0"," ","R","14","    30.0"," ","R","14","    30.0"," ","R","14","    29.5"," ","R","14","    22.9"," ","R","14","     5.7"," ","R","14","     0.1"," ","R","14","     0.0"," ","R","14","     4.7"," ","R","14","     0.0"," ","R","14","     0.0"," ","R","14","     0.0"," ","R","14","     0.0","X","R","14","     0.1"," ","R","14","     0.6"," ","R","14","   270.1"," ","R","14","  1015.3"," ","R","14","   865.3"," ","R","14","   715.3"," ","R","14","   565.3"," ","R","14","   505.4"," ","R","14","   415.9"," ","R","14","   139.0"," ","R","14","    96.2"," ","R","14","   270.1"," ","R","14","  1015.3"," ","R","14","   865.3"," ","R","14","   715.3"," ","R","14","   565.3"," ","R","14","   505.4"," ","R","14","   415.9"," ","R","14","   139.0"," ","R","14","    96.2"," ","R","14","   751.9"," ","R","14","   692.1"," ","R","14","     0.0"," ","R","14","     0.0"," ","R","14","     0.0"," ","R","14","     0.0"," ","R","14","     0.0"," ","R","14","     0.0"," ","R","14","    5.66"," ","S","13","    12.6"," ","S","15","     8.8"," ","S","15","     5.9"," ","S","15","     3.8"," ","S","15","     1.3"," ","S","15","     0.3"," ","S","15","     0.0"," ","S","15","     0.0"," ","S","15","    4.19"," ","S","13","    5.41"," ","S","13","    6.89"," ","S","13","    3.99"," ","S","13","    4.67"," ","S","13","    6.10"," ","S","13","    7.11"," ","S","13","    4.39"," ","S","13","    6.36"," ","S","13"
"USW00053866","07"," 39.5781"," -85.8033"," 245.1","SHELBYVILLE MUNI AP, IN US","07","99","99","    75.7"," ","R","14","    85.9"," ","R","14","    65.4"," ","R","14","    20.5"," ","R","14","     3.1"," ","R","14","     3.7"," ","R","14","     2.9"," ","R","14","     2.3"," ","R","14","     0.0"," ","R","14","     0.0"," ","R","14","     0.0"," ","R","14","     0.0"," ","R","14","     0.0"," ","R","14","     0.3"," ","R","14","     7.1"," ","R","14","    24.5"," ","R","14","    31.0"," ","R","14","    31.0"," ","R","14","    31.0"," ","R","14","    31.0"," ","R","14","    30.8"," ","R","14","    26.6"," ","R","14","     8.5"," ","R","14","     0.3"," ","R","14","     0.0"," ","R","14","     1.0"," ","R","14","     0.0"," ","R","14","     0.0"," ","R","14","     0.0"," ","R","14","     0.0"," ","R","14","     0.0"," ","R","14","     0.0"," ","R","14","   331.0"," ","R","14","  1105.0"," ","R","14","   950.0"," ","R","14","   795.1"," ","R","14","   640.0"," ","R","14","   578.1"," ","R","14","   485.1"," ","R","14","   187.2"," ","R","14","   137.7"," ","R","14","   331.0"," ","R","14","  1105.0"," ","R","14","   950.0"," ","R","14","   795.1"," ","R","14","   640.0"," ","R","14","   578.1"," ","R","14","   485.1"," ","R","14","   187.2"," ","R","14","   137.7"," ","R","14","   822.6"," ","R","14","   760.6"," ","R","14","     0.0"," ","R","14","     0.0"," ","R","14","     0.0"," ","R","14","     0.0"," ","R","14","     0.0"," ","R","14","     0.0"," ","R","14","    3.89"," ","S","15","    10.5"," ","S","15","     6.7"," ","S","15","     4.2"," ","S","15","     2.6"," ","S","15","     1.0"," ","S","15","     0.3"," ","S","15","     0.0"," ","S","15","     0.0"," ","S","15","    2.19"," ","S","15","    4.13"," ","S","15","    5.39"," ","S","15","    1.81"," ","S","15","    3.39"," ","S","15","    4.75"," ","S","15","    5.65"," ","S","15","    2.94"," ","S","15","    5.22"," ","S","15"
"USW00053866","08"," 39.5781"," -85.8033"," 245.1","SHELBYVILLE MUNI AP, IN US","08","99","99","    74.0"," ","R","14","    84.8"," ","R","14","    63.1"," ","R","14","    21.7"," ","R","14","     2.1"," ","R","14","     2.5"," ","R","14","     2.4"," ","R","14","     2.7"," ","R","14","     0.0"," ","R","14","     0.0"," ","R","14","     0.0"," ","R","14","     0.0"," ","R","14","     0.0"," ","R","14","     0.5"," ","R","14","    11.5"," ","R","14","    27.5"," ","R","14","    31.0"," ","R","14","    31.0"," ","R","14","    31.0"," ","R","14","    31.0"," ","R","14","    30.8"," ","R","14","    26.3"," ","R","14","     5.5"," ","R","14","     0.0"," ","R","14","     0.0"," ","R","14","     2.6"," ","R","14","     0.0"," ","R","14","     0.0"," ","R","14","     0.0"," ","R","14","     0.0"," ","R","14","     0.0"," ","R","14","     0.2"," ","R","14","   279.9"," ","R","14","  1052.3"," ","R","14","   897.3"," ","R","14","   742.4"," ","R","14","   587.3"," ","R","14","   525.4"," ","R","14","   432.6"," ","R","14","   143.1"," ","R","14","    98.8"," ","R","14","   279.9"," ","R","14","  1052.3"," ","R","14","   897.3"," ","R","14","   742.4"," ","R","14","   587.3"," ","R","14","   525.4"," ","R","14","   432.6"," ","R","14","   143.1"," ","R","14","    98.8"," ","R","14","   781.1"," ","R","14","   719.4"," ","R","14","     0.0"," ","R","14","     0.0"," ","R","14","     0.0"," ","R","14","     0.0"," ","R","14","     0.0"," ","R","14","     0.0"," ","R","14","    3.32"," ","S","15","    10.1"," ","S","15","     5.2"," ","S","15","     4.1"," ","S","15","     2.1"," ","S","15","     0.8"," ","S","15","     0.1"," ","S","15","     0.0"," ","S","15","     0.0"," ","S","15","    1.64"," ","S","15","    3.27"," ","S","15","    4.26"," ","S","15","    1.35"," ","S","15","    2.77"," ","S","15","    3.48"," ","S","15","    4.36"," ","S","15","    2.29"," ","S","15","    3.81"," ","S","15"
"USW00053866","09"," 39.5781"," -85.8033"," 245.1","SHELBYVILLE MUNI AP, IN US","09","99","99","    68.3"," ","R","14","    80.1"," ","R","14","    56.6"," ","R","14","    23.4"," ","R","14","     2.8"," ","R","14","     3.8"," ","R","14","     2.4"," ","R","14","     3.1"," ","R","14","     0.0"," ","R","14","     0.0"," ","R","14","     0.0"," ","R","14","     0.0"," ","R","14","     0.6"," ","R","14","     7.8"," ","R","14","    20.4"," ","R","14","    29.0"," ","R","14","    30.0"," ","R","14","    30.0"," ","R","14","    30.0"," ","R","14","    30.0"," ","R","14","    26.1"," ","R","14","    15.8"," ","R","14","     3.8"," ","R","14","     0.0"," ","R","14","     0.0"," ","R","14","    48.2"," ","R","14","     0.0","X","R","14","     0.1"," ","R","14","     0.4"," ","R","14","     3.8"," ","R","14","     6.8"," ","R","14","    15.0"," ","R","14","   148.5"," ","R","14","   850.2"," ","R","14","   700.3"," ","R","14","   550.7"," ","R","14","   404.1"," ","R","14","   347.1"," ","R","14","   265.3"," ","R","14","    67.0"," ","R","14","    44.2"," ","R","14","   148.5"," ","R","14","   850.2"," ","R","14","   700.3"," ","R","14","   550.7"," ","R","14","   404.1"," ","R","14","   347.1"," ","R","14","   265.3"," ","R","14","    67.0"," ","R","14","    44.2"," ","R","14","   603.9"," ","R","14","   549.4"," ","R","14","     0.0"," ","R","14","     0.0"," ","R","14","     0.0"," ","R","14","     0.0"," ","R","14","     0.0"," ","R","14","     4.0"," ","R","14","    2.79"," ","S","15","     9.5"," ","S","15","     5.4"," ","S","15","     3.1"," ","S","15","     1.7"," ","S","15","     0.7"," ","S","15","     0.1"," ","S","15","     0.0"," ","S","15","     0.0"," ","S","15","    1.76"," ","S","15","    2.72"," ","S","15","    3.46"," ","S","15","    1.56"," ","S","15","    2.52"," ","S","15","    2.94"," ","S","15","    3.86"," ","S","15","    2.17"," ","S","15","    3.08"," ","S","15"
"USW00053866","10"," 39.5781"," -85.8033"," 245.1","SHELBYVILLE MUNI AP, IN US","10","99","99","    56.4"," ","R","14","    67.5"," ","R","14","    45.4"," ","R","14","    22.1"," ","R","14","     2.8"," ","R","14","     3.2"," ","R","14","     2.8"," ","R","14","     2.3"," ","R","14","     0.0"," ","R","14","     0.0"," ","R","14","     0.0"," ","R","14","     3.1"," ","R","14","    11.0"," ","R","14","    22.9"," ","R","14","    28.6"," ","R","14","    30.9"," ","R","14","    31.0"," ","R","14","    31.0"," ","R","14","    29.5"," ","R","14","    22.7"," ","R","14","    12.5"," ","R","14","     5.1"," ","R","14","     0.3"," ","R","14","     0.0"," ","R","14","     0.0"," ","R","14","   295.0"," ","R","14","     1.7"," ","R","14","    11.3"," ","R","14","    39.7"," ","R","14","    96.5"," ","R","14","   127.6"," ","R","14","   183.4"," ","R","14","    29.9"," ","R","14","   511.7"," ","R","14","   366.2"," ","R","14","   239.7"," ","R","14","   141.5"," ","R","14","   110.5"," ","R","14","    73.3"," ","R","14","     9.8"," ","R","14","     5.8"," ","R","14","    29.9"," ","R","14","   511.7"," ","R","14","   366.2"," ","R","14","   239.7"," ","R","14","   141.5"," ","R","14","   110.5"," ","R","14","    73.3"," ","R","14","     9.8"," ","R","14","     5.8"," ","R","14","   345.9"," ","R","14","   305.7"," ","R","14","     0.0"," ","R","14","     0.0"," ","R","14","     9.0"," ","R","14","    43.9"," ","R","14","    78.0"," ","R","14","    94.4"," ","R","14","    3.49"," ","S","15","     9.9"," ","S","15","     6.3"," ","S","15","     4.0"," ","S","15","     2.2"," ","S","15","     1.1"," ","S","15","     0.1"," ","S","15","     0.0"," ","S","15","     0.0"," ","S","15","    2.29"," ","S","15","    3.33"," ","S","15","    4.55"," ","S","15","    2.14"," ","S","15","    2.91"," ","S","15","    3.86"," ","S","15","    4.88"," ","S","15","    2.73"," ","S","15","    4.09"," ","S","15"
"USW00053866","11"," 39.5781"," -85.8033"," 245.1","SHELBYVILLE MUNI AP, IN US","11","99","99","    43.8"," ","R","14","    53.3"," ","R","14","    34.3"," ","R","14","    19.0"," ","R","14","     3.9"," ","R","14","     4.6"," ","R","14","     3.5"," ","R","14","     2.5"," ","R","14","     0.0"," ","R","14","     0.2"," ","R","14","     1.7"," ","R","14","    14.2"," ","R","14","    23.0"," ","R","14","    28.7"," ","R","14","    29.9"," ","R","14","    30.0"," ","R","14","    29.5"," ","R","14","    26.7"," ","R","14","    19.0"," ","R","14","     8.5"," ","R","14","     2.3"," ","R","14","     0.3"," ","R","14","     0.0"," ","R","14","     0.0"," ","R","14","     0.7"," ","R","14","   636.9"," ","R","14","    65.1"," ","R","14","   133.3"," ","R","14","   231.8"," ","R","14","   353.7"," ","R","14","   407.1"," ","R","14","   491.2"," ","R","14","     1.0"," ","R","14","   179.3"," ","R","14","    97.4"," ","R","14","    46.0"," ","R","14","    17.8"," ","R","14","    11.2"," ","R","14","     5.3"," ","R","14","     0.0","X","R","14","     0.0"," ","R","14","     1.0"," ","R","14","   179.3"," ","R","14","    97.4"," ","R","14","    46.0"," ","R","14","    17.8"," ","R","14","    11.2"," ","R","14","     5.3"," ","R","14","     0.0","X","R","14","     0.0"," ","R","14","   119.2"," ","R","14","    97.7"," ","R","14","    31.4"," ","R","14","    59.1"," ","R","14","    84.8"," ","R","14","    97.4"," ","R","14","   100.0"," ","R","14","   100.0"," ","R","14","    3.36"," ","S","15","     9.2"," ","S","15","     5.6"," ","S","15","     3.9"," ","S","15","     2.6"," ","S","15","     0.8"," ","S","15","     0.1"," ","S","15","     0.0"," ","S","15","     0.0"," ","S","15","    2.18"," ","S","15","    3.01"," ","S","15","    4.27"," ","S","15","    1.96"," ","S","15","    2.66"," ","S","15","    3.44"," ","S","15","    4.70"," ","S","15","    2.44"," ","S","15","    3.76"," ","S","15"
"USW00053866","12"," 39.5781"," -85.8033"," 245.1","SHELBYVILLE MUNI AP, IN US","12","99","99","    35.2"," ","R","14","    42.6"," ","R","14","    27.8"," ","R","14","    14.9"," ","R","14","     4.5"," ","R","14","     4.7"," ","R","14","     4.6"," ","R","14","     2.1"," ","R","14","     0.5"," ","R","14","     2.1"," ","R","14","     7.4"," ","R","14","    21.6"," ","R","14","    27.8"," ","R","14","    30.5"," ","R","14","    30.9"," ","R","14","    31.0"," ","R","14","    26.1"," ","R","14","    17.4"," ","R","14","     8.9"," ","R","14","     2.4"," ","R","14","     0.1"," ","R","14","     0.0"," ","R","14","     0.0"," ","R","14","     0.0"," ","R","14","     6.0"," ","R","14","   923.8"," ","R","14","   213.9"," ","R","14","   330.4"," ","R","14","   467.9"," ","R","14","   616.3"," ","R","14","   677.4"," ","R","14","   769.6"," ","R","14","     0.1"," ","R","14","    65.2"," ","R","14","    26.7"," ","R","14","     9.2"," ","R","14","     2.7"," ","R","14","     1.7"," ","R","14","     0.9"," ","R","14","     0.0"," ","R","14","     0.0"," ","R","14","     0.1"," ","R","14","    65.2"," ","R","14","    26.7"," ","R","14","     9.2"," ","R","14","     2.7"," ","R","14","     1.7"," ","R","14","     0.9"," ","R","14","     0.0"," ","R","14","     0.0"," ","R","14","    37.6"," ","R","14","    27.9"," ","R","14","    88.5"," ","R","14","    97.3"," ","R","14","    99.5"," ","R","14","   100.0"," ","R","14","   100.0"," ","R","14","   100.0"," ","R","14","    3.58"," ","S","15","    11.7"," ","S","15","     6.9"," ","S","15","     4.1"," ","S","15","     2.3"," ","S","15","     1.0"," ","S","15","     0.1"," ","S","15","     0.0"," ","S","15","     0.0"," ","S","15","    2.04"," ","S","15","    3.53"," ","S","15","    4.89"," ","S","15","    1.76"," ","S","15","    3.13"," ","S","15","    4.24"," ","S","15","    5.10"," ","S","15","    2.72"," ","S","15","    4.67"," ","S","15"
